BR_Articuno/(-0.7, 453.2, -1.3)/(-0.1, -0.9, 0.3, 0.0)
BR_Articuno/(-0.7, 453.1, -1.3)/(-0.1, -0.9, 0.3, 0.0)
BR_Articuno/(-0.7, 452.8, -1.3)/(-0.1, -0.9, 0.3, 0.0)
BR_Articuno/(-0.8, 452.7, -1.5)/(-0.1, -0.9, 0.3, 0.0)
BR_Articuno/(-0.8, 452.7, -1.5)/(-0.1, -0.9, 0.3, 0.0)
BR_Articuno/(-0.8, 452.8, -1.4)/(-0.1, -0.9, 0.3, 0.0)
BR_Articuno/(-0.7, 452.7, -1.4)/(-0.1, -0.9, 0.3, 0.0)
BR_Articuno/(-0.7, 452.7, -1.4)/(-0.1, -0.9, 0.3, 0.0)
BR_Articuno/(-0.8, 452.8, -1.5)/(-0.1, -0.9, 0.3, 0.0)
BR_Articuno/(-0.8, 452.7, -1.5)/(-0.1, -0.9, 0.3, 0.0)
BR_Articuno/(-1.0, 452.9, -1.5)/(-0.1, -0.9, 0.3, 0.0)
BR_Articuno/(-1.1, 452.8, -1.6)/(-0.1, -0.9, 0.3, 0.0)
BR_Articuno/(-1.3, 453.0, -1.6)/(-0.1, -0.9, 0.3, 0.0)
BR_Articuno/(-1.4, 453.0, -1.7)/(-0.1, -0.9, 0.3, 0.0)
BR_Articuno/(-1.9, 453.2, -1.7)/(-0.2, -0.9, 0.3, 0.0)
BR_Articuno/(-2.2, 453.2, -1.8)/(-0.2, -0.9, 0.3, 0.0)
BR_Articuno/(-3.2, 453.6, -2.1)/(-0.2, -0.9, 0.3, 0.0)
BR_Articuno/(-3.8, 454.0, -2.2)/(-0.2, -0.9, 0.3, 0.0)
BR_Articuno/(-4.8, 454.2, -2.4)/(-0.2, -0.9, 0.3, 0.0)
BR_Articuno/(-5.9, 455.1, -2.8)/(-0.2, -0.9, 0.3, 0.0)
BR_Articuno/(-5.9, 455.1, -2.8)/(-0.2, -0.9, 0.3, 0.0)
BR_Articuno/(-7.5, 456.3, -3.4)/(-0.3, -0.9, 0.3, 0.0)
BR_Articuno/(-8.0, 456.5, -3.6)/(-0.3, -0.9, 0.2, 0.0)
BR_Articuno/(-8.8, 457.0, -3.9)/(-0.3, -0.9, 0.2, 0.0)
BR_Articuno/(-9.2, 457.6, -4.0)/(-0.3, -0.9, 0.2, 0.0)
BR_Articuno/(-9.9, 458.0, -4.4)/(-0.3, -0.9, 0.2, 0.0)
BR_Articuno/(-10.1, 458.6, -4.6)/(-0.4, -0.9, 0.2, 0.0)
BR_Articuno/(-10.5, 459.2, -4.8)/(-0.4, -0.9, 0.2, 0.0)
BR_Articuno/(-10.5, 459.2, -4.8)/(-0.4, -0.9, 0.2, 0.0)
BR_Articuno/(-10.6, 459.8, -4.7)/(-0.4, -0.9, 0.2, 0.0)
BR_Articuno/(-10.7, 460.2, -4.6)/(-0.4, -0.9, 0.2, 0.0)
BR_Articuno/(-10.9, 460.5, -4.5)/(-0.4, -0.9, 0.1, 0.0)
BR_Articuno/(-11.1, 460.5, -4.5)/(-0.4, -0.9, 0.1, 0.0)
BR_Articuno/(-11.1, 460.1, -4.3)/(-0.4, -0.9, 0.1, 0.0)
BR_Articuno/(-11.1, 460.0, -4.1)/(-0.4, -0.9, 0.1, 0.0)
BR_Articuno/(-10.9, 459.6, -3.6)/(-0.4, -0.9, 0.1, 0.0)
BR_Articuno/(-10.7, 459.5, -3.4)/(-0.4, -0.9, 0.1, 0.0)
BR_Articuno/(-10.3, 459.1, -3.1)/(-0.4, -0.9, 0.1, 0.0)
BR_Articuno/(-9.4, 459.1, -2.8)/(-0.4, -0.9, 0.1, 0.0)
BR_Articuno/(-8.6, 459.8, -2.7)/(-0.4, -0.9, 0.1, 0.1)
BR_Articuno/(-8.1, 459.9, -2.9)/(-0.5, -0.9, 0.1, 0.1)
BR_Articuno/(-6.7, 460.1, -3.2)/(-0.5, -0.9, 0.1, 0.0)
BR_Articuno/(-6.1, 459.6, -3.1)/(-0.5, -0.9, 0.1, 0.1)
BR_Articuno/(-5.0, 459.6, -2.6)/(-0.5, -0.9, 0.1, 0.1)
BR_Articuno/(-4.4, 459.5, -2.5)/(-0.5, -0.9, 0.1, 0.1)
BR_Articuno/(-3.1, 458.9, -2.8)/(-0.5, -0.9, 0.1, 0.1)
BR_Articuno/(-2.4, 459.0, -2.7)/(-0.5, -0.9, 0.1, 0.1)
BR_Articuno/(-0.8, 458.1, -2.5)/(-0.4, -0.9, 0.1, 0.1)
BR_Articuno/(0.1, 456.7, -2.4)/(-0.4, -0.9, 0.1, 0.1)
BR_Articuno/(1.3, 461.0, -1.8)/(-0.4, -0.9, 0.1, 0.1)
BR_Articuno/(3.0, 449.4, -4.2)/(-0.2, -0.9, 0.4, 0.0)
























BR_Articuno/(4.3, 456.9, -1.2)/(-0.1, -0.9, 0.4, 0.0)
BR_Articuno/(4.3, 457.2, -1.0)/(-0.1, -0.9, 0.4, 0.0)
BR_Articuno/(4.1, 458.0, -0.8)/(-0.1, -0.9, 0.5, -0.1)
BR_Articuno/(3.9, 458.9, -0.6)/(-0.1, -0.9, 0.5, -0.1)
BR_Articuno/(3.6, 460.8, -0.1)/(-0.1, -0.8, 0.5, -0.1)
BR_Articuno/(3.6, 461.5, 0.1)/(-0.1, -0.8, 0.5, -0.1)
BR_Articuno/(3.6, 462.2, 0.3)/(-0.1, -0.8, 0.6, -0.1)
BR_Articuno/(3.6, 462.2, 0.3)/(-0.1, -0.8, 0.6, -0.1)
BR_Articuno/(3.5, 461.9, 0.2)/(-0.1, -0.8, 0.6, -0.1)
BR_Articuno/(3.4, 462.0, 0.2)/(-0.1, -0.8, 0.6, -0.1)
BR_Articuno/(3.3, 462.0, 0.2)/(-0.1, -0.8, 0.6, 0.0)
BR_Articuno/(3.3, 461.9, 0.2)/(-0.1, -0.8, 0.6, 0.0)
BR_Articuno/(3.3, 461.7, 0.2)/(-0.1, -0.8, 0.5, 0.0)
BR_Articuno/(3.3, 461.7, 0.3)/(-0.1, -0.8, 0.6, 0.0)
